2.000000000000000000e+00
4.000000000000000000e+00
6.000000000000000000e+00
8.000000000000000000e+00
1.000000000000000000e+01
1.300000000000000000e+01
1.500000000000000000e+01
1.700000000000000000e+01
1.900000000000000000e+01
2.300000000000000000e+01
2.500000000000000000e+01
2.700000000000000000e+01
2.900000000000000000e+01
3.100000000000000000e+01
3.300000000000000000e+01
3.500000000000000000e+01
3.900000000000000000e+01
4.400000000000000000e+01
4.700000000000000000e+01
4.900000000000000000e+01
5.100000000000000000e+01
5.300000000000000000e+01
5.700000000000000000e+01
6.000000000000000000e+01
6.200000000000000000e+01
6.500000000000000000e+01
7.000000000000000000e+01
7.300000000000000000e+01
7.600000000000000000e+01
7.800000000000000000e+01
8.100000000000000000e+01
8.300000000000000000e+01
8.600000000000000000e+01
8.800000000000000000e+01
9.000000000000000000e+01
9.300000000000000000e+01
9.500000000000000000e+01
9.700000000000000000e+01
1.000000000000000000e+02
1.050000000000000000e+02
1.090000000000000000e+02
1.140000000000000000e+02
1.170000000000000000e+02
1.190000000000000000e+02
1.220000000000000000e+02
1.240000000000000000e+02
1.280000000000000000e+02
1.300000000000000000e+02
1.340000000000000000e+02
1.360000000000000000e+02
1.390000000000000000e+02
1.410000000000000000e+02
1.430000000000000000e+02
1.450000000000000000e+02
1.470000000000000000e+02
1.500000000000000000e+02
1.550000000000000000e+02
1.590000000000000000e+02
1.620000000000000000e+02
1.660000000000000000e+02
1.710000000000000000e+02
1.740000000000000000e+02
1.780000000000000000e+02
1.810000000000000000e+02
1.830000000000000000e+02
1.870000000000000000e+02
1.910000000000000000e+02
1.950000000000000000e+02
2.030000000000000000e+02
2.060000000000000000e+02
2.090000000000000000e+02
2.130000000000000000e+02
2.170000000000000000e+02
2.220000000000000000e+02
2.240000000000000000e+02
2.260000000000000000e+02
2.280000000000000000e+02
2.310000000000000000e+02
2.330000000000000000e+02
2.350000000000000000e+02
2.370000000000000000e+02
2.390000000000000000e+02
2.410000000000000000e+02
2.430000000000000000e+02
2.450000000000000000e+02
2.470000000000000000e+02
2.490000000000000000e+02
2.500000000000000000e+02
2.510000000000000000e+02
2.520000000000000000e+02
2.530000000000000000e+02
2.540000000000000000e+02
2.550000000000000000e+02
2.560000000000000000e+02
2.570000000000000000e+02
2.580000000000000000e+02
2.590000000000000000e+02
2.620000000000000000e+02
2.640000000000000000e+02
2.660000000000000000e+02
2.690000000000000000e+02
2.720000000000000000e+02
2.750000000000000000e+02
2.790000000000000000e+02
2.820000000000000000e+02
3.070000000000000000e+02
3.080000000000000000e+02
3.090000000000000000e+02
3.100000000000000000e+02
3.110000000000000000e+02
3.120000000000000000e+02
3.130000000000000000e+02
3.140000000000000000e+02
3.150000000000000000e+02
3.160000000000000000e+02
3.220000000000000000e+02
3.250000000000000000e+02
3.270000000000000000e+02
3.310000000000000000e+02
3.360000000000000000e+02
3.400000000000000000e+02
3.420000000000000000e+02
3.460000000000000000e+02
3.490000000000000000e+02
3.520000000000000000e+02
3.550000000000000000e+02
3.580000000000000000e+02
3.650000000000000000e+02
3.730000000000000000e+02
3.740000000000000000e+02
3.790000000000000000e+02
3.830000000000000000e+02
3.880000000000000000e+02
3.900000000000000000e+02
3.930000000000000000e+02
3.970000000000000000e+02
4.040000000000000000e+02
4.360000000000000000e+02
4.370000000000000000e+02
4.380000000000000000e+02
4.400000000000000000e+02
4.410000000000000000e+02
4.420000000000000000e+02
4.430000000000000000e+02
4.440000000000000000e+02
4.450000000000000000e+02
4.460000000000000000e+02
4.650000000000000000e+02
4.670000000000000000e+02
4.680000000000000000e+02
4.690000000000000000e+02
4.700000000000000000e+02
4.710000000000000000e+02
4.840000000000000000e+02
4.850000000000000000e+02
4.860000000000000000e+02
4.870000000000000000e+02
4.880000000000000000e+02
4.890000000000000000e+02
5.020000000000000000e+02
5.030000000000000000e+02
5.040000000000000000e+02
5.050000000000000000e+02
5.060000000000000000e+02
5.070000000000000000e+02
5.080000000000000000e+02
5.090000000000000000e+02
5.100000000000000000e+02
5.110000000000000000e+02
5.150000000000000000e+02
5.200000000000000000e+02
5.240000000000000000e+02
5.270000000000000000e+02
5.290000000000000000e+02
5.310000000000000000e+02
5.330000000000000000e+02
5.350000000000000000e+02
5.370000000000000000e+02
5.390000000000000000e+02
5.420000000000000000e+02
5.440000000000000000e+02
5.480000000000000000e+02
5.500000000000000000e+02
5.530000000000000000e+02
5.550000000000000000e+02
5.570000000000000000e+02
5.610000000000000000e+02
5.650000000000000000e+02
5.670000000000000000e+02
5.700000000000000000e+02
5.720000000000000000e+02
5.750000000000000000e+02
5.780000000000000000e+02
5.800000000000000000e+02
5.840000000000000000e+02
5.870000000000000000e+02
5.900000000000000000e+02
5.940000000000000000e+02
5.970000000000000000e+02
5.990000000000000000e+02
6.020000000000000000e+02
6.060000000000000000e+02
6.100000000000000000e+02
6.130000000000000000e+02
6.160000000000000000e+02
6.190000000000000000e+02
6.210000000000000000e+02
6.230000000000000000e+02
6.260000000000000000e+02
6.290000000000000000e+02
6.310000000000000000e+02
6.360000000000000000e+02
6.480000000000000000e+02
6.490000000000000000e+02
6.500000000000000000e+02
6.510000000000000000e+02
6.520000000000000000e+02
6.530000000000000000e+02
6.540000000000000000e+02
6.680000000000000000e+02
6.700000000000000000e+02
6.720000000000000000e+02
6.730000000000000000e+02
6.740000000000000000e+02
6.750000000000000000e+02
6.760000000000000000e+02
6.800000000000000000e+02
6.810000000000000000e+02
6.820000000000000000e+02
6.830000000000000000e+02
6.840000000000000000e+02
6.990000000000000000e+02
7.000000000000000000e+02
7.030000000000000000e+02
7.050000000000000000e+02
7.080000000000000000e+02
7.090000000000000000e+02
7.140000000000000000e+02
7.150000000000000000e+02
7.160000000000000000e+02
7.170000000000000000e+02
7.460000000000000000e+02
7.470000000000000000e+02
7.480000000000000000e+02
7.490000000000000000e+02
7.500000000000000000e+02
7.510000000000000000e+02
7.520000000000000000e+02
7.530000000000000000e+02
7.540000000000000000e+02
7.550000000000000000e+02
7.980000000000000000e+02
7.990000000000000000e+02
8.000000000000000000e+02
8.030000000000000000e+02
8.060000000000000000e+02
8.120000000000000000e+02
8.140000000000000000e+02
8.150000000000000000e+02
8.200000000000000000e+02
8.230000000000000000e+02
8.250000000000000000e+02
8.320000000000000000e+02
8.330000000000000000e+02
8.340000000000000000e+02
8.350000000000000000e+02
8.360000000000000000e+02
8.370000000000000000e+02
8.550000000000000000e+02
8.560000000000000000e+02
8.570000000000000000e+02
8.580000000000000000e+02
8.590000000000000000e+02
8.600000000000000000e+02
8.610000000000000000e+02
8.620000000000000000e+02
8.630000000000000000e+02
8.640000000000000000e+02
8.650000000000000000e+02
8.660000000000000000e+02
8.750000000000000000e+02
8.760000000000000000e+02
8.770000000000000000e+02
8.780000000000000000e+02
8.800000000000000000e+02
8.810000000000000000e+02
8.840000000000000000e+02
8.860000000000000000e+02
8.880000000000000000e+02
9.180000000000000000e+02
9.190000000000000000e+02
9.200000000000000000e+02
9.210000000000000000e+02
9.220000000000000000e+02
9.230000000000000000e+02
9.240000000000000000e+02
9.250000000000000000e+02
9.260000000000000000e+02
9.270000000000000000e+02
9.280000000000000000e+02
9.290000000000000000e+02
9.320000000000000000e+02
9.330000000000000000e+02
9.340000000000000000e+02
9.350000000000000000e+02
9.360000000000000000e+02
9.370000000000000000e+02
9.380000000000000000e+02
9.390000000000000000e+02
9.400000000000000000e+02
9.410000000000000000e+02
9.540000000000000000e+02
9.550000000000000000e+02
9.560000000000000000e+02
9.570000000000000000e+02
9.580000000000000000e+02
9.590000000000000000e+02
9.600000000000000000e+02
9.610000000000000000e+02
9.620000000000000000e+02
9.630000000000000000e+02
9.700000000000000000e+02
9.710000000000000000e+02
9.720000000000000000e+02
9.740000000000000000e+02
